100
0
0
69.6203
0
0
69.6203
0
21.519
0
15.1899
8.86076
78.481
0
0
0
100
0
7.59494
0
40.5063
72.1519
60.7595
59.4937
0
10.1266
97.4684
62.0253
86.076
0
74.6835
15.1899
100
0
100
0
100
0
0
36.7089
17.7215
0
74.6835
0
100
0
0
0
100
0
0
21.519
0
0
100
0
100
74.6835
72.1519
72.1519
92.4051
82.2785
79.7468
72.1519
100
0
0
11.3924
100
7.59494
0
0
100
0
0
100
0
0
96.2025
3.79747
100
0
0
100
0
56.962
100
55.6962
100
0
0
0
100
0
70.8861
0
100
0
0
0
100
0
89.8734
24.0506
100
0
40.5063
62.0253
100
6.32911
29.1139
1.26582
100
34.1772
29.1139
17.7215
100
0
39.2405
0
100
0
0
8.86076
94.9367
0
21.519
0
100
32.9114
22.7848
27.8481
100
0
48.1013
40.5063
100
13.9241
45.5696
24.0506
100
49.3671
13.9241
50.6329
100
79.7468
82.2785
11.3924
0
0
84.8101
68.3544
100
0
60.7595
81.0127
0
65.8228
67.0886
73.4177
100
40.5063
45.5696
50.6329
100
34.1772
22.7848
37.9747
100
43.038
46.8354
54.4304
100
39.2405
49.3671
68.3544
100
45.5696
29.1139
30.3797
100
0
45.5696
60.7595
100
0
22.7848
100
0
0
100
0
0
0
0
0
0
0
0
0
0
0
0
0
0
0
0
0
0
0
0
0
0
0
0
0
0
0
0
0
0
0
0
0
0
0
0
0
0
0
0
0
0
0
0
0
0
0
0
0
0
0
0
0
0
0
0
0
0
0
0
0
0
0
0
0
