56.333
56.333
56.333
56.333
56.333
56.333
56.333
56.333
56.333
56.333
56.333
56.333
56.333
56.333
56.333
56.333
56.333
56.333
56.333
56.333
56.333
56.333
56.333
56.333
56.333
56.333
56.333
56.333
56.333
56.333
56.333
56.333
56.333
55.9997
55.6663
55.333
55.333
54.9997
54.333
53.6664
52.9997
51.6664
50.6664
49.9997
49.3331
48.6664
47.9998
47.6665
43.4761
44.0475
44.6189
45.1903
45.7617
46.3332
46.7998
47.2665
47.7331
48.1998
48.6665
49.1331
49.5998
50.0664
50.5331
50.9998
51.4664
51.9331
52.3997
52.8664
53.3331
53.6664
53.9997
54.333
54.6664
54.9997
55.333
55.6664
55.9997
56.333
56.6663
56.9997
57.333
57.6663
57.9997
58.333
58.6663
58.9996
59.333
59.6663
59.98
60.2937
60.6075
60.9212
61.2349
61.5486
61.8623
62.1761
62.4898
62.8035
63.1172
63.4309
63.7447
64.0584
64.3721
64.6858
64.9996
65.2376
65.4757
65.7138
65.9519
66.19
66.4281
66.6662
66.9995
67.3328
67.6662
67.8328
67.9995
68.1662
68.3328
68.6662
68.7773
68.8884
68.9995
68.9995
68.6662
68.1662
67.6662
67.1662
66.6662
65.8329
64.9995
64.1107
63.2218
62.3329
61.5329
60.7329
59.933
59.133
58.333
57.4663
56.5997
55.733
54.8664
53.9997
53.0553
52.1109
51.1664
50.222
49.2776
48.3331
47.3808
46.4284
45.476
44.5237
43.5713
42.6189
41.6666
40.8333
39.9999
39.1666
38.3333
37.5
36.6666
35.7333
34.8
33.8667
32.9334
32.0001
31.2501
30.5001
29.7501
29.0001
28.4446
27.889
27.3335
26.6668
26.0001
25.5002
25.0002
24.5002
24.0002
23.6668
23.3335
23.1669
23.0002
22.8891
22.778
22.6669
22.6669
22.6669
22.6669
22.6669
22.6669
22.6669
22.6669
22.6669
22.6669
22.6669
22.6669
22.6669
22.6669
22.7335
22.8002
22.8669
22.9335
23.0002
23.2669
23.5335
23.8002
24.0668
24.3335
24.5002
24.6668
24.8335
25.0002
25.1335
25.2668
25.4002
25.5335
25.6668
26.0001
26.3335
26.6668
26.9168
27.1668
27.4168
27.6668
27.9334
28.2001
28.4668
28.7334
29.0001
29.2223
29.4445
29.6668
29.8334
30.0001
30.3334
30.6667
30.6667
30.6667
30.6667
30.6667
30.3334
29.6668
29.3334
28.3334
27.3335
0
0
0
0
0
0
0
0
